Cluster 0:
0.11 0.11 0.12 0.12 0.12 0.12 0.13 0.13 0.13 0.13 0.13 0.14 0.14 0.14 0.14 0.14 0.14 0.14 0.15 0.15 0.15 0.15 0.15 0.15 0.15 0.15 0.16 0.16 0.16 0.16 0.16 0.16 0.16 0.16 0.17 0.17 0.17 0.17 0.17 0.17 0.17 0.17 0.17 0.17 0.17 0.17 0.17 0.17 0.18 0.18 0.18 0.18 0.18 0.18 0.18 0.18 0.18 0.18 0.18 0.18 0.18 0.18 0.18 0.18 0.18 0.19 0.19 0.19 0.19 0.19 0.19 0.19 0.19 0.19 0.19 0.19 0.19 0.19 0.19 0.19 0.19 0.2 0.2 0.2 0.2 0.2 0.2 0.2 0.2 0.2 0.2 0.2 0.2 0.2 0.2 0.22 0.23 0.23 0.24 0.25 0.31 0.44 1.3 1.96 1.96 10.0 10.0 10.0 10.0 10.0 10.0 10.0 11.11 11.11 12.5 12.5 12.5 14.29 14.29 14.29 2.04 2.04 2.13 2.17 2.22 2.38 2.38 2.38 2.44 2.56 2.7 2.7 2.7 2.86 2.86 2.94 3.03 3.23 3.23 3.23 3.23 3.23 3.45 3.45 3.45 3.45 3.57 3.7 3.7 4.17 4.17 4.17 4.17 4.35 4.55 4.76 4.76 5.0 5.0 5.0 5.0 5.0 5.0 5.0 5.0 5.0 5.0 5.0 5.0 5.0 5.26 5.26 5.26 5.26 5.26 5.26 5.26 5.26 5.26 5.56 5.56 5.56 5.56 5.56 5.56 5.56 5.56 5.56 5.88 5.88 5.88 5.88 5.88 6.25 6.25 6.25 6.25 6.25 6.25 6.25 6.25 6.25 6.25 6.25 6.25 6.25 6.25 6.25 6.67 6.67 6.67 6.67 7.14 7.14 7.14 7.14 7.14 7.14 7.14 7.14 7.69 7.69 7.69 8.33 8.33 8.33 9.09 9.09 9.09 9.09 9.09
Cluster 1:

Cluster 2:

Cluster 3:

Cluster 4:

Cluster 5:

